INSERT INTO produtocompra (quantidade, preco, compra_compra_id, produto_produto_id)
VALUES
    (2, 10.99, 1, 1),
    (1, 7.49, 1, 2),
    (3, 6.99, 2, 3),
    (7, 2.49, 3, 7),
    (2, 22.49, 3, 4),
    (1, 33.49, 3, 5),
    (2, 12.2, 4, 12),
    (1, 128.99, 4, 11),
    (1, 97.99, 5, 19),
    (1, 58.49, 6, 20),
    (3, 7.89, 7, 9),
    (1, 47.90, 8, 10),
    (2, 47.90, 9, 10),
    (3, 47.90, 10, 10),
    (4, 47.90, 11, 10),
    (3, 10.50, 11, 18),
    (1, 22.49, 12, 21),
    (1, 70.99, 12, 22),
    (1, 35.99, 13, 23);
